5200484312014619|04|2031|326
5346964592865124|05|2032|286
4984080008364584|11|2028|845
5127070477955561|05|2029|215
5127070272254707|11|2025|881
5335160386734013|12|2027|458
2230650004023578|04|2028|764
5122672187916117|06|2029|478
5536361927578052|12|2031|690
5122150782132612|12|2031|514
4066699941501845|09|2027|532
4066699931407425|04|2028|980
5443155945814602|10|2026|088
5162921128883295|10|2028|114
5162925020721669|12|2031|100
5220734180970011|08|2026|033
5127070449387232|03|2028|987
5127070333452514|11|2026|216
5158940231122751|05|2029|059
